476
382
554
349
68
634
1
891
23
597
258
446
684
878
245
15
817
578
301
546
263
253
579
174
517
310
129
344
157
404
126
713
960
40
777
922
908
743
425
806
500
204
677
81
289
282
491
761
172
619
763
957
505
226
866
708
444
669
809
198
522
366
67
500
252
564
711
445
626
63
392
989
29
244
459
185
317
162
977
887
336
830
282
583
175
865
429
813
992
239
39
449
137
265
469
270
419
767
336
817
708
977
92
207
546
767
765
193
104
537
448
789
336
813
341
63
521
689
79
380
750
179
913
403
772
513
115
558
798
990
212
382
288
659
403
427
835
439
360
104
900
849
601
5
959
147
224
726
178
444
563
937
557
729
856
51
668
415
139
499
356
760
282
491
27
368
509
804
379
792
988
442
855
932
273
818
554
411
846
127
446
84
503
914
932
380
913
279
945
437
723
857
939
423
561
808
569
12
874
394
6
65
81
191
390
64
446
586
333
817
520
439
257
97
32
167
329
97
161
233
80
573
437
323
710
814
379
517
994
64
563
171
331
486
554
262
573
810
785
631
405
85
834
831
752
173
652
554
327
29
797
568
6
525
331
228
283
706
559
938
716
157
814
573
922
73
368
149
797
134
920
859
272
383
847
580
908
454
424
606
529
950
554
877
740
177
231
310
830
270
842
957
100
468
626
114
4
332
959
937
141
662
926
827
793
514
15
353
902
61
961
349
482
449
451
601
122
408
511
204
185
36
44
905
766
335
335
944
33
109
219
615
648
496
615
48
417
351
773
401
101
292
41
679
287
555
194
156
901
765
544
182
477
363
294
999
475
439
47
378
68
213
483
609
419
57
71
573
807
437
222
189
390
864
88
241
542
779
737
620
842
987
919
110
569
798
14
52
491
160
190
240
403
587
32
753
997
153
487
209
209
64
487
697
857
133
692
494
664
449
702
335
466
588
205
860
267
340
495
188
553
625
546
224
161
114
245
485
651
87
771
326
230
737
696
127
508
66
551
584
82
828
798
501
559
979
31
696
943
979
975
384
776
853
351
979
378
286
12
240
386
214
777
744
983
952
864
295
74
198
708
457
859
929
23
33
890
479
614
100
687
528
108
23
748
904
298
500
437
190
984
497
860
666
315
862
319
808
13
515
188
825
828
313
318
173
20
379
410
524
735
242
31
889
555
748
931
848
944
454
881
491
828
32
276
316
471
942
657
245
16
329
763
710
815
992
960
398
71
147
15
962
832
234
752
288
633
683
177
929
763
802
892
960
186
27
744
786
854
323
747
513
744
652
698
773
597
97
833
527
763
3
951
300
757
688
644
501
506
560
809
700
498
879
372
836
587
987
931
324
8
918
174
935
560
326
93
378
532
186
809
949
934
269
112
687
321
736
110
139
604
210
130
965
726
406
538
844
369
968
691
763
245
862
471
931
607
335
328
535
423
227
102
164
530
969
227
201
2
627
657
958
750
664
947
43
557
213
892
537
783
636
350
326
834
478
63
59
609
706
429
196
85
762
814
405
981
528
6
502
132
969
910
787
61
10
538
825
571
878
428
592
210
337
118
374
258
985
573
642
607
300
842
947
870
990
470
796
518
945
929
771
301
175
558
436
880
897
190
942
948
408
386
940
378
630
516
380
572
773
320
153
425
537
944
537
671
542
525
955
162
29
979
395
807
552
422
143
571
190
430
58
841
360
478
9
725
55
531
637
283
351
44
96
641
740
212
